--- Interaction starts ---
The episode: 0,  with 100 steps.
The episode: 1,  with 34 steps.
The episode: 2,  with 44 steps.
The episode: 3,  with 32 steps.
The episode: 4,  with 78 steps.
The episode: 5,  with 100 steps.
The episode: 6,  with 100 steps.
The episode: 7,  with 28 steps.
The episode: 8,  with 100 steps.
The episode: 9,  with 38 steps.
The episode: 10,  with 81 steps.
The episode: 11,  with 100 steps.
The episode: 12,  with 73 steps.
The episode: 13,  with 21 steps.
The episode: 14,  with 100 steps.
The episode: 15,  with 18 steps.
The episode: 16,  with 50 steps.
The episode: 17,  with 92 steps.
The episode: 18,  with 100 steps.
The episode: 19,  with 33 steps.
                     s    a           s_     c    p    r    d
[0.0, 0.0]  [0.0, 0.0]  4.0   [0.0, 0.0]   9.0  1.0 -1.0  0.0
[0.0, 0.0]  [0.0, 0.0]  3.0   [0.0, 0.0]   9.0  1.0 -1.0  0.0
[0.0, 0.0]  [0.0, 0.0]  1.0  [0.0, 70.0]  10.0  1.0 -1.0  0.0
[0.0, 0.0]  [0.0, 0.0]  0.0   [0.0, 0.0]   9.0  1.0 -1.0  0.0
[0.0, 0.0]  [0.0, 0.0]  2.0  [70.0, 0.0]  10.0  1.0 -1.0  0.0
                       s    a            s_    c    p    r    d
[0.0, 70.0]  [0.0, 70.0]  1.0  [0.0, 140.0]  6.0  1.0 -1.0  0.0
[0.0, 70.0]  [0.0, 70.0]  0.0   [0.0, 70.0]  6.0  1.0 -1.0  0.0
[0.0, 70.0]  [0.0, 70.0]  3.0   [0.0, 70.0]  6.0  1.0 -1.0  0.0
[0.0, 70.0]  [0.0, 70.0]  4.0   [0.0, 70.0]  6.0  1.0 -1.0  0.0
[0.0, 70.0]  [0.0, 70.0]  2.0  [70.0, 70.0]  6.0  1.0 -1.0  0.0
                         s    a             s_    c    p    r    d
[0.0, 140.0]  [0.0, 140.0]  2.0  [70.0, 140.0]  2.0  1.0 -1.0  0.0
[0.0, 140.0]  [0.0, 140.0]  1.0   [0.0, 210.0]  3.0  1.0 -1.0  0.0
[0.0, 140.0]  [0.0, 140.0]  4.0   [0.0, 140.0]  2.0  1.0 -1.0  0.0
[0.0, 140.0]  [0.0, 140.0]  3.0   [0.0, 140.0]  2.0  1.0 -1.0  0.0
[0.0, 140.0]  [0.0, 140.0]  0.0    [0.0, 70.0]  2.0  1.0 -1.0  0.0
                           s    a              s_     c    p    r    d
[70.0, 140.0]  [70.0, 140.0]  0.0    [70.0, 70.0]  13.0  1.0 -1.0  0.0
[70.0, 140.0]  [70.0, 140.0]  4.0   [70.0, 140.0]  13.0  1.0 -1.0  0.0
[70.0, 140.0]  [70.0, 140.0]  3.0   [70.0, 140.0]  14.0  1.0 -1.0  0.0
[70.0, 140.0]  [70.0, 140.0]  1.0   [70.0, 210.0]  14.0  1.0 -1.0  0.0
[70.0, 140.0]  [70.0, 140.0]  2.0  [140.0, 140.0]  14.0  1.0 -1.0  0.0
                         s    a             s_     c    p    r    d
[70.0, 70.0]  [70.0, 70.0]  2.0  [140.0, 70.0]  19.0  1.0 -1.0  0.0
[70.0, 70.0]  [70.0, 70.0]  1.0  [70.0, 140.0]  19.0  1.0 -1.0  0.0
[70.0, 70.0]  [70.0, 70.0]  0.0   [70.0, 70.0]  18.0  1.0 -1.0  0.0
[70.0, 70.0]  [70.0, 70.0]  4.0   [70.0, 70.0]  18.0  1.0 -1.0  0.0
[70.0, 70.0]  [70.0, 70.0]  3.0   [70.0, 70.0]  18.0  1.0 -1.0  0.0
                           s    a              s_     c    p    r    d
[140.0, 70.0]  [140.0, 70.0]  0.0   [140.0, 70.0]  13.0  1.0 -1.0  0.0
[140.0, 70.0]  [140.0, 70.0]  2.0   [210.0, 70.0]  14.0  1.0 -1.0  0.0
[140.0, 70.0]  [140.0, 70.0]  3.0    [70.0, 70.0]  13.0  1.0 -1.0  0.0
[140.0, 70.0]  [140.0, 70.0]  4.0   [140.0, 70.0]  13.0  1.0 -1.0  0.0
[140.0, 70.0]  [140.0, 70.0]  1.0  [140.0, 140.0]  14.0  1.0 -1.0  0.0
                           s    a              s_     c    p    r    d
[210.0, 70.0]  [210.0, 70.0]  4.0   [210.0, 70.0]   9.0  1.0 -1.0  0.0
[210.0, 70.0]  [210.0, 70.0]  3.0   [140.0, 70.0]   9.0  1.0 -1.0  0.0
[210.0, 70.0]  [210.0, 70.0]  0.0   [210.0, 70.0]   9.0  1.0 -1.0  0.0
[210.0, 70.0]  [210.0, 70.0]  1.0  [210.0, 140.0]  10.0  1.0 -1.0  0.0
[210.0, 70.0]  [210.0, 70.0]  2.0   [280.0, 70.0]  10.0  1.0 -1.0  0.0
                           s    a              s_     c    p    r    d
[70.0, 210.0]  [70.0, 210.0]  4.0   [70.0, 210.0]  10.0  1.0 -1.0  0.0
[70.0, 210.0]  [70.0, 210.0]  1.0   [70.0, 280.0]  11.0  1.0 -1.0  0.0
[70.0, 210.0]  [70.0, 210.0]  3.0   [70.0, 210.0]  10.0  1.0 -1.0  0.0
[70.0, 210.0]  [70.0, 210.0]  2.0  [140.0, 210.0]  11.0  1.0 -1.0  0.0
[70.0, 210.0]  [70.0, 210.0]  0.0   [70.0, 140.0]  10.0  1.0 -1.0  0.0
                           s    a              s_    c    p    r    d
[70.0, 280.0]  [70.0, 280.0]  2.0  [140.0, 280.0]  9.0  1.0 -1.0  0.0
[70.0, 280.0]  [70.0, 280.0]  3.0   [70.0, 280.0]  8.0  1.0 -1.0  0.0
[70.0, 280.0]  [70.0, 280.0]  0.0   [70.0, 210.0]  8.0  1.0 -1.0  0.0
[70.0, 280.0]  [70.0, 280.0]  4.0   [70.0, 280.0]  8.0  1.0 -1.0  0.0
[70.0, 280.0]  [70.0, 280.0]  1.0   [70.0, 350.0]  8.0  1.0 -1.0  0.0
                             s    a              s_    c    p    r    d
[140.0, 280.0]  [140.0, 280.0]  2.0  [210.0, 280.0]  8.0  1.0 -1.0  0.0
[140.0, 280.0]  [140.0, 280.0]  0.0  [140.0, 210.0]  7.0  1.0 -1.0  0.0
[140.0, 280.0]  [140.0, 280.0]  4.0  [140.0, 280.0]  7.0  1.0 -1.0  0.0
[140.0, 280.0]  [140.0, 280.0]  3.0   [70.0, 280.0]  7.0  1.0 -1.0  0.0
[140.0, 280.0]  [140.0, 280.0]  1.0  [140.0, 350.0]  8.0  1.0 -1.0  0.0
                             s    a              s_    c    p    r    d
[210.0, 280.0]  [210.0, 280.0]  3.0  [140.0, 280.0]  6.0  1.0 -1.0  0.0
[210.0, 280.0]  [210.0, 280.0]  2.0  [280.0, 280.0]  7.0  1.0 -1.0  0.0
[210.0, 280.0]  [210.0, 280.0]  0.0  [210.0, 210.0]  6.0  1.0 -1.0  0.0
[210.0, 280.0]  [210.0, 280.0]  4.0  [210.0, 280.0]  6.0  1.0 -1.0  0.0
[210.0, 280.0]  [210.0, 280.0]  1.0  [210.0, 350.0]  7.0  1.0 -1.0  0.0
                             s    a              s_    c    p    r    d
[140.0, 210.0]  [140.0, 210.0]  1.0  [140.0, 280.0]  9.0  1.0 -1.0  0.0
[140.0, 210.0]  [140.0, 210.0]  3.0   [70.0, 210.0]  9.0  1.0 -1.0  0.0
[140.0, 210.0]  [140.0, 210.0]  4.0  [140.0, 210.0]  9.0  1.0 -1.0  0.0
[140.0, 210.0]  [140.0, 210.0]  0.0  [140.0, 140.0]  9.0  1.0 -1.0  0.0
[140.0, 210.0]  [140.0, 210.0]  2.0  [210.0, 210.0]  9.0  1.0 -1.0  0.0
                             s    a              s_     c    p    r    d
[140.0, 140.0]  [140.0, 140.0]  1.0  [140.0, 210.0]  11.0  1.0 -1.0  0.0
[140.0, 140.0]  [140.0, 140.0]  4.0  [140.0, 140.0]  11.0  1.0 -1.0  0.0
[140.0, 140.0]  [140.0, 140.0]  3.0   [70.0, 140.0]  11.0  1.0 -1.0  0.0
[140.0, 140.0]  [140.0, 140.0]  0.0   [140.0, 70.0]  11.0  1.0 -1.0  0.0
[140.0, 140.0]  [140.0, 140.0]  2.0  [210.0, 140.0]  12.0  1.0 -1.0  0.0
                             s    a              s_    c    p    r    d
[210.0, 210.0]  [210.0, 210.0]  4.0  [210.0, 210.0]  7.0  1.0 -1.0  0.0
[210.0, 210.0]  [210.0, 210.0]  0.0  [210.0, 140.0]  7.0  1.0 -1.0  0.0
[210.0, 210.0]  [210.0, 210.0]  3.0  [140.0, 210.0]  7.0  1.0 -1.0  0.0
[210.0, 210.0]  [210.0, 210.0]  2.0  [280.0, 210.0]  8.0  1.0 -1.0  0.0
[210.0, 210.0]  [210.0, 210.0]  1.0  [210.0, 280.0]  7.0  1.0 -1.0  0.0
                             s    a              s_    c    p    r    d
[210.0, 140.0]  [210.0, 140.0]  1.0  [210.0, 210.0]  9.0  1.0 -1.0  0.0
[210.0, 140.0]  [210.0, 140.0]  0.0   [210.0, 70.0]  8.0  1.0 -1.0  0.0
[210.0, 140.0]  [210.0, 140.0]  4.0  [210.0, 140.0]  8.0  1.0 -1.0  0.0
[210.0, 140.0]  [210.0, 140.0]  3.0  [140.0, 140.0]  8.0  1.0 -1.0  0.0
[210.0, 140.0]  [210.0, 140.0]  2.0  [280.0, 140.0]  9.0  1.0 -1.0  0.0
                           s    a              s_    c    p    r    d
[70.0, 350.0]  [70.0, 350.0]  4.0   [70.0, 350.0]  7.0  1.0 -1.0  0.0
[70.0, 350.0]  [70.0, 350.0]  1.0   [70.0, 420.0]  7.0  1.0 -1.0  0.0
[70.0, 350.0]  [70.0, 350.0]  3.0   [70.0, 350.0]  7.0  1.0 -1.0  0.0
[70.0, 350.0]  [70.0, 350.0]  0.0   [70.0, 280.0]  6.0  1.0 -1.0  0.0
[70.0, 350.0]  [70.0, 350.0]  2.0  [140.0, 350.0]  7.0  1.0 -1.0  0.0
                           s    a              s_    c    p    r    d
[70.0, 420.0]  [70.0, 420.0]  1.0   [70.0, 420.0]  7.0  1.0 -1.0  0.0
[70.0, 420.0]  [70.0, 420.0]  2.0  [140.0, 420.0]  7.0  1.0 -1.0  0.0
[70.0, 420.0]  [70.0, 420.0]  4.0   [70.0, 420.0]  6.0  1.0 -1.0  0.0
[70.0, 420.0]  [70.0, 420.0]  3.0   [70.0, 420.0]  6.0  1.0 -1.0  0.0
[70.0, 420.0]  [70.0, 420.0]  0.0   [70.0, 350.0]  6.0  1.0 -1.0  0.0
                             s    a              s_    c    p    r    d
[140.0, 420.0]  [140.0, 420.0]  2.0  [210.0, 420.0]  7.0  1.0 -1.0  0.0
[140.0, 420.0]  [140.0, 420.0]  1.0  [140.0, 420.0]  7.0  1.0 -1.0  0.0
[140.0, 420.0]  [140.0, 420.0]  3.0   [70.0, 420.0]  7.0  1.0 -1.0  0.0
[140.0, 420.0]  [140.0, 420.0]  0.0  [140.0, 350.0]  6.0  1.0 -1.0  0.0
[140.0, 420.0]  [140.0, 420.0]  4.0  [140.0, 420.0]  7.0  1.0 -1.0  0.0
                             s    a              s_    c    p    r    d
[210.0, 420.0]  [210.0, 420.0]  4.0  [210.0, 420.0]  6.0  1.0 -1.0  0.0
[210.0, 420.0]  [210.0, 420.0]  1.0  [210.0, 420.0]  6.0  1.0 -1.0  0.0
[210.0, 420.0]  [210.0, 420.0]  3.0  [140.0, 420.0]  6.0  1.0 -1.0  0.0
[210.0, 420.0]  [210.0, 420.0]  0.0  [210.0, 350.0]  6.0  1.0 -1.0  0.0
[210.0, 420.0]  [210.0, 420.0]  2.0  [280.0, 420.0]  6.0  1.0 -1.0  0.0
                           s    a              s_    c    p    r    d
[280.0, 70.0]  [280.0, 70.0]  3.0   [210.0, 70.0]  6.0  1.0 -1.0  0.0
[280.0, 70.0]  [280.0, 70.0]  0.0   [280.0, 70.0]  5.0  1.0 -1.0  0.0
[280.0, 70.0]  [280.0, 70.0]  1.0  [280.0, 140.0]  5.0  1.0 -1.0  0.0
[280.0, 70.0]  [280.0, 70.0]  2.0   [350.0, 70.0]  6.0  1.0 -1.0  0.0
[280.0, 70.0]  [280.0, 70.0]  4.0   [280.0, 70.0]  5.0  1.0 -1.0  0.0
                             s    a              s_    c    p    r    d
[280.0, 140.0]  [280.0, 140.0]  1.0  [280.0, 210.0]  6.0  1.0 -1.0  0.0
[280.0, 140.0]  [280.0, 140.0]  2.0  [350.0, 140.0]  6.0  1.0 -1.0  0.0
[280.0, 140.0]  [280.0, 140.0]  3.0  [210.0, 140.0]  5.0  1.0 -1.0  0.0
[280.0, 140.0]  [280.0, 140.0]  4.0  [280.0, 140.0]  5.0  1.0 -1.0  0.0
[280.0, 140.0]  [280.0, 140.0]  0.0   [280.0, 70.0]  5.0  1.0 -1.0  0.0
                             s    a              s_    c    p    r    d
[280.0, 210.0]  [280.0, 210.0]  1.0  [280.0, 280.0]  6.0  1.0 -1.0  0.0
[280.0, 210.0]  [280.0, 210.0]  4.0  [280.0, 210.0]  5.0  1.0 -1.0  0.0
[280.0, 210.0]  [280.0, 210.0]  0.0  [280.0, 140.0]  6.0  1.0 -1.0  0.0
[280.0, 210.0]  [280.0, 210.0]  2.0  [350.0, 210.0]  6.0  1.0 -1.0  0.0
[280.0, 210.0]  [280.0, 210.0]  3.0  [210.0, 210.0]  5.0  1.0 -1.0  0.0
                             s    a              s_    c    p    r    d
[280.0, 280.0]  [280.0, 280.0]  3.0  [210.0, 280.0]  5.0  1.0 -1.0  0.0
[280.0, 280.0]  [280.0, 280.0]  4.0  [280.0, 280.0]  5.0  1.0 -1.0  0.0
[280.0, 280.0]  [280.0, 280.0]  1.0  [280.0, 350.0]  6.0  1.0 -1.0  0.0
[280.0, 280.0]  [280.0, 280.0]  0.0  [280.0, 210.0]  5.0  1.0 -1.0  0.0
[280.0, 280.0]  [280.0, 280.0]  2.0  [350.0, 280.0]  6.0  1.0 -1.0  0.0
                             s    a              s_    c    p    r    d
[280.0, 350.0]  [280.0, 350.0]  4.0  [280.0, 350.0]  6.0  1.0 -1.0  0.0
[280.0, 350.0]  [280.0, 350.0]  1.0  [280.0, 420.0]  6.0  1.0 -1.0  0.0
[280.0, 350.0]  [280.0, 350.0]  2.0  [350.0, 350.0]  6.0  1.0 -1.0  0.0
[280.0, 350.0]  [280.0, 350.0]  3.0  [210.0, 350.0]  5.0  1.0 -1.0  0.0
[280.0, 350.0]  [280.0, 350.0]  0.0  [280.0, 280.0]  5.0  1.0 -1.0  0.0
                       s    a            s_    c    p    r    d
[70.0, 0.0]  [70.0, 0.0]  1.0  [70.0, 70.0]  6.0  1.0 -1.0  0.0
[70.0, 0.0]  [70.0, 0.0]  0.0   [70.0, 0.0]  6.0  1.0 -1.0  0.0
[70.0, 0.0]  [70.0, 0.0]  3.0   [70.0, 0.0]  6.0  1.0 -1.0  0.0
[70.0, 0.0]  [70.0, 0.0]  2.0  [140.0, 0.0]  6.0  1.0 -1.0  0.0
[70.0, 0.0]  [70.0, 0.0]  4.0   [70.0, 0.0]  6.0  1.0 -1.0  0.0
                             s    a              s_    c    p    r    d
[350.0, 140.0]  [350.0, 140.0]  4.0  [350.0, 140.0]  3.0  1.0 -1.0  0.0
[350.0, 140.0]  [350.0, 140.0]  3.0  [280.0, 140.0]  2.0  1.0 -1.0  0.0
[350.0, 140.0]  [350.0, 140.0]  2.0  [420.0, 140.0]  3.0  1.0 -1.0  0.0
[350.0, 140.0]  [350.0, 140.0]  1.0  [350.0, 210.0]  3.0  1.0 -1.0  0.0
[350.0, 140.0]  [350.0, 140.0]  0.0   [350.0, 70.0]  3.0  1.0 -1.0  0.0
                           s    a              s_    c    p     r    d
[350.0, 70.0]  [350.0, 70.0]  4.0   [350.0, 70.0]  1.0  1.0  -1.0  0.0
[350.0, 70.0]  [350.0, 70.0]  3.0   [280.0, 70.0]  1.0  1.0  -1.0  0.0
[350.0, 70.0]  [350.0, 70.0]  0.0   [350.0, 70.0]  1.0  1.0  -1.0  0.0
[350.0, 70.0]  [350.0, 70.0]  1.0  [350.0, 140.0]  1.0  1.0  -1.0  0.0
[350.0, 70.0]  [350.0, 70.0]  2.0        terminal  7.0  1.0  10.0  1.0
                             s    a              s_    c    p     r    d
[420.0, 140.0]  [420.0, 140.0]  4.0  [420.0, 140.0]  1.0  1.0  -1.0  0.0
[420.0, 140.0]  [420.0, 140.0]  0.0        terminal  7.0  1.0  10.0  1.0
                         s    a             s_    c    p    r    d
[140.0, 0.0]  [140.0, 0.0]  4.0   [140.0, 0.0]  2.0  1.0 -1.0  0.0
[140.0, 0.0]  [140.0, 0.0]  3.0    [70.0, 0.0]  2.0  1.0 -1.0  0.0
[140.0, 0.0]  [140.0, 0.0]  2.0   [210.0, 0.0]  3.0  1.0 -1.0  0.0
[140.0, 0.0]  [140.0, 0.0]  0.0   [140.0, 0.0]  2.0  1.0 -1.0  0.0
[140.0, 0.0]  [140.0, 0.0]  1.0  [140.0, 70.0]  2.0  1.0 -1.0  0.0
                         s    a             s_    c    p    r    d
[210.0, 0.0]  [210.0, 0.0]  2.0   [280.0, 0.0]  1.0  1.0 -1.0  0.0
[210.0, 0.0]  [210.0, 0.0]  0.0   [210.0, 0.0]  1.0  1.0 -1.0  0.0
[210.0, 0.0]  [210.0, 0.0]  4.0   [210.0, 0.0]  1.0  1.0 -1.0  0.0
[210.0, 0.0]  [210.0, 0.0]  3.0   [140.0, 0.0]  1.0  1.0 -1.0  0.0
[210.0, 0.0]  [210.0, 0.0]  1.0  [210.0, 70.0]  1.0  1.0 -1.0  0.0
                         s    a             s_    c    p    r    d
[280.0, 0.0]  [280.0, 0.0]  1.0  [280.0, 70.0]  1.0  1.0 -1.0  0.0
                             s    a              s_    c    p    r    d
[350.0, 210.0]  [350.0, 210.0]  0.0  [350.0, 140.0]  4.0  1.0 -1.0  0.0
[350.0, 210.0]  [350.0, 210.0]  4.0  [350.0, 210.0]  4.0  1.0 -1.0  0.0
[350.0, 210.0]  [350.0, 210.0]  2.0  [420.0, 210.0]  5.0  1.0 -1.0  0.0
[350.0, 210.0]  [350.0, 210.0]  1.0  [350.0, 280.0]  4.0  1.0 -1.0  0.0
[350.0, 210.0]  [350.0, 210.0]  3.0  [280.0, 210.0]  4.0  1.0 -1.0  0.0
                             s    a              s_    c    p    r    d
[420.0, 210.0]  [420.0, 210.0]  2.0  [420.0, 210.0]  3.0  1.0 -1.0  0.0
[420.0, 210.0]  [420.0, 210.0]  4.0  [420.0, 210.0]  3.0  1.0 -1.0  0.0
[420.0, 210.0]  [420.0, 210.0]  0.0  [420.0, 140.0]  4.0  1.0 -1.0  0.0
[420.0, 210.0]  [420.0, 210.0]  3.0  [350.0, 210.0]  3.0  1.0 -1.0  0.0
[420.0, 210.0]  [420.0, 210.0]  1.0  [420.0, 280.0]  3.0  1.0 -1.0  0.0
                             s    a              s_    c    p    r    d
[140.0, 350.0]  [140.0, 350.0]  0.0  [140.0, 280.0]  6.0  1.0 -1.0  0.0
[140.0, 350.0]  [140.0, 350.0]  4.0  [140.0, 350.0]  6.0  1.0 -1.0  0.0
[140.0, 350.0]  [140.0, 350.0]  2.0  [210.0, 350.0]  7.0  1.0 -1.0  0.0
[140.0, 350.0]  [140.0, 350.0]  1.0  [140.0, 420.0]  7.0  1.0 -1.0  0.0
[140.0, 350.0]  [140.0, 350.0]  3.0   [70.0, 350.0]  6.0  1.0 -1.0  0.0
                             s    a              s_    c    p    r    d
[210.0, 350.0]  [210.0, 350.0]  1.0  [210.0, 420.0]  6.0  1.0 -1.0  0.0
[210.0, 350.0]  [210.0, 350.0]  2.0  [280.0, 350.0]  7.0  1.0 -1.0  0.0
[210.0, 350.0]  [210.0, 350.0]  3.0  [140.0, 350.0]  6.0  1.0 -1.0  0.0
[210.0, 350.0]  [210.0, 350.0]  4.0  [210.0, 350.0]  7.0  1.0 -1.0  0.0
[210.0, 350.0]  [210.0, 350.0]  0.0  [210.0, 280.0]  6.0  1.0 -1.0  0.0
                             s    a              s_    c    p    r    d
[350.0, 350.0]  [350.0, 350.0]  2.0  [420.0, 350.0]  5.0  1.0 -1.0  0.0
[350.0, 350.0]  [350.0, 350.0]  0.0  [350.0, 280.0]  5.0  1.0 -1.0  0.0
[350.0, 350.0]  [350.0, 350.0]  1.0  [350.0, 420.0]  5.0  1.0 -1.0  0.0
[350.0, 350.0]  [350.0, 350.0]  4.0  [350.0, 350.0]  5.0  1.0 -1.0  0.0
[350.0, 350.0]  [350.0, 350.0]  3.0  [280.0, 350.0]  4.0  1.0 -1.0  0.0
                             s    a              s_    c    p    r    d
[420.0, 350.0]  [420.0, 350.0]  0.0  [420.0, 280.0]  5.0  1.0 -1.0  0.0
[420.0, 350.0]  [420.0, 350.0]  1.0  [420.0, 420.0]  4.0  1.0 -1.0  0.0
[420.0, 350.0]  [420.0, 350.0]  3.0  [350.0, 350.0]  4.0  1.0 -1.0  0.0
[420.0, 350.0]  [420.0, 350.0]  4.0  [420.0, 350.0]  4.0  1.0 -1.0  0.0
[420.0, 350.0]  [420.0, 350.0]  2.0  [420.0, 350.0]  4.0  1.0 -1.0  0.0
                             s    a              s_    c    p    r    d
[420.0, 280.0]  [420.0, 280.0]  2.0  [420.0, 280.0]  4.0  1.0 -1.0  0.0
[420.0, 280.0]  [420.0, 280.0]  3.0  [350.0, 280.0]  4.0  1.0 -1.0  0.0
[420.0, 280.0]  [420.0, 280.0]  0.0  [420.0, 210.0]  5.0  1.0 -1.0  0.0
[420.0, 280.0]  [420.0, 280.0]  4.0  [420.0, 280.0]  4.0  1.0 -1.0  0.0
[420.0, 280.0]  [420.0, 280.0]  1.0  [420.0, 350.0]  4.0  1.0 -1.0  0.0
                             s    a              s_    c    p    r    d
[350.0, 280.0]  [350.0, 280.0]  2.0  [420.0, 280.0]  5.0  1.0 -1.0  0.0
[350.0, 280.0]  [350.0, 280.0]  3.0  [280.0, 280.0]  4.0  1.0 -1.0  0.0
[350.0, 280.0]  [350.0, 280.0]  4.0  [350.0, 280.0]  5.0  1.0 -1.0  0.0
[350.0, 280.0]  [350.0, 280.0]  0.0  [350.0, 210.0]  5.0  1.0 -1.0  0.0
[350.0, 280.0]  [350.0, 280.0]  1.0  [350.0, 350.0]  5.0  1.0 -1.0  0.0
                             s    a              s_    c    p    r    d
[280.0, 420.0]  [280.0, 420.0]  3.0  [210.0, 420.0]  5.0  1.0 -1.0  0.0
[280.0, 420.0]  [280.0, 420.0]  1.0  [280.0, 420.0]  5.0  1.0 -1.0  0.0
[280.0, 420.0]  [280.0, 420.0]  0.0  [280.0, 350.0]  5.0  1.0 -1.0  0.0
[280.0, 420.0]  [280.0, 420.0]  4.0  [280.0, 420.0]  5.0  1.0 -1.0  0.0
[280.0, 420.0]  [280.0, 420.0]  2.0  [350.0, 420.0]  6.0  1.0 -1.0  0.0
                         s    a             s_    c    p    r    d
[0.0, 210.0]  [0.0, 210.0]  4.0   [0.0, 210.0]  1.0  1.0 -1.0  0.0
[0.0, 210.0]  [0.0, 210.0]  0.0   [0.0, 140.0]  1.0  1.0 -1.0  0.0
[0.0, 210.0]  [0.0, 210.0]  2.0  [70.0, 210.0]  1.0  1.0 -1.0  0.0
[0.0, 210.0]  [0.0, 210.0]  3.0   [0.0, 210.0]  1.0  1.0 -1.0  0.0
[0.0, 210.0]  [0.0, 210.0]  1.0   [0.0, 280.0]  1.0  1.0 -1.0  0.0
                             s    a              s_    c    p    r    d
[350.0, 420.0]  [350.0, 420.0]  0.0  [350.0, 350.0]  5.0  1.0 -1.0  0.0
[350.0, 420.0]  [350.0, 420.0]  3.0  [280.0, 420.0]  5.0  1.0 -1.0  0.0
[350.0, 420.0]  [350.0, 420.0]  2.0  [420.0, 420.0]  6.0  1.0 -1.0  0.0
[350.0, 420.0]  [350.0, 420.0]  4.0  [350.0, 420.0]  5.0  1.0 -1.0  0.0
[350.0, 420.0]  [350.0, 420.0]  1.0  [350.0, 420.0]  5.0  1.0 -1.0  0.0
                             s    a              s_    c    p    r    d
[420.0, 420.0]  [420.0, 420.0]  1.0  [420.0, 420.0]  5.0  1.0 -1.0  0.0
[420.0, 420.0]  [420.0, 420.0]  0.0  [420.0, 350.0]  5.0  1.0 -1.0  0.0
[420.0, 420.0]  [420.0, 420.0]  4.0  [420.0, 420.0]  4.0  1.0 -1.0  0.0
[420.0, 420.0]  [420.0, 420.0]  3.0  [350.0, 420.0]  5.0  1.0 -1.0  0.0
[420.0, 420.0]  [420.0, 420.0]  2.0  [420.0, 420.0]  4.0  1.0 -1.0  0.0
                         s    a             s_    c    p    r    d
[0.0, 280.0]  [0.0, 280.0]  2.0  [70.0, 280.0]  1.0  1.0 -1.0  0.0
over
